[[ 0.11745422 -0.20643811  0.02381805 -0.00869303  0.05288258  0.07847872
  -0.03997172 -0.19296693 -0.08545678 -0.02160099  0.15317066  0.0303485
  -0.04718848  0.19335179 -0.04718848]
 [-0.20643811  3.13163264  0.91180885  0.05288258 -0.32170238 -0.47741221
  -0.19296693 -0.93156447 -0.41254998  0.15317066 -1.08611921 -0.21519845
   0.19335179 -0.79224657  0.19335179]
 [ 0.02381805  0.91180885  0.98101602  0.07847872 -0.47741221 -0.70848845
  -0.08545678 -0.41254998 -0.18270071  0.0303485  -0.21519845 -0.04263839
  -0.04718848  0.19335179 -0.04718848]
 [-0.00869303  0.05288258  0.07847872  0.21037619  0.06018311 -0.02590655
  -0.1545842  -0.34679745  0.0783091  -0.01600172  0.12029527 -0.0291796
  -0.03109724  0.11343648 -0.10170167]
 [ 0.05288258 -0.32170238 -0.47741221  0.06018311  2.41784593 -0.28861727
  -0.34679745 -0.7780127   0.17568029  0.12029527 -0.90433741  0.21936197
   0.11343648 -0.41379344  0.37098722]
 [ 0.07847872 -0.47741221 -0.70848845 -0.02590655 -0.28861727  1.13397729
   0.0783091   0.17568029 -0.03966974 -0.0291796   0.21936197 -0.05320987
  -0.10170167  0.37098722 -0.33260924]
 [-0.03997172 -0.19296693 -0.08545678 -0.1545842  -0.34679745  0.0783091
   0.78475754 -0.09786582  0.43546846 -0.37649559  0.47339951 -0.12390994
  -0.21370603  0.16423068 -0.30441085]
 [-0.19296693 -0.93156447 -0.41254998 -0.34679745 -0.7780127   0.17568029
  -0.09786582  2.43103156 -0.15286899  0.47339951 -0.59524496  0.15580237
   0.16423068 -0.12620943  0.23393631]
 [-0.08545678 -0.41254998 -0.18270071  0.0783091   0.17568029 -0.03966974
   0.43546846 -0.15286899  0.6967651  -0.12390994  0.15580237 -0.04078049
  -0.30441085  0.23393631 -0.43361416]
 [-0.02160099  0.15317066  0.0303485  -0.01600172  0.12029527 -0.0291796
  -0.37649559  0.47339951 -0.12390994  0.45072951 -0.71765948  0.30342203
  -0.03663121 -0.02920597 -0.18068098]
 [ 0.15317066 -1.08611921 -0.21519845  0.12029527 -0.90433741  0.21936197
   0.47339951 -0.59524496  0.15580237 -0.71765948  2.60898742 -0.01590944
  -0.02920597 -0.02328584 -0.14405646]
 [ 0.0303485  -0.21519845 -0.04263839 -0.0291796   0.21936197 -0.05320987
  -0.12390994  0.15580237 -0.04078049  0.30342203 -0.01590944  1.02782548
  -0.18068098 -0.14405646 -0.89119674]
 [-0.04718848  0.19335179 -0.04718848 -0.03109724  0.11343648 -0.10170167
  -0.21370603  0.16423068 -0.30441085 -0.03663121 -0.02920597 -0.18068098
   0.32862297 -0.44181298  0.63398198]
 [ 0.19335179 -0.79224657  0.19335179  0.11343648 -0.41379344  0.37098722
   0.16423068 -0.12620943  0.23393631 -0.02920597 -0.02328584 -0.14405646
  -0.44181298  1.35553528 -0.65421887]
 [-0.04718848  0.19335179 -0.04718848 -0.10170167  0.37098722 -0.33260924
  -0.30441085  0.23393631 -0.43361416 -0.18068098 -0.14405646 -0.89119674
   0.63398198 -0.65421887  1.70460862]]
time for hessian:  0.000706
modes:  (15,)
-2.86785488088e-16
-1.90974094844e-16
5.53109653637e-17
7.95934148149e-17
2.98432659491e-16
6.78995400462e-16
0.109648516136
0.406480698129
1.15848019223
1.37601274222
1.65179295886
2.86336266459
3.19983847187
3.62829279919
4.98725671746
